source,device_id,date,events_raw,events_after_day_filter,total_events,bytes_total,bytes_per_event,unique_src_ip,unique_dst_ip,action_accept_count,action_accept_rate,action_deny_count,action_deny_rate,action_client-rst_count,action_client-rst_rate,action_server-rst_count,action_server-rst_rate,action_timeout_count,action_timeout_rate,action_passthrough_count,action_passthrough_rate,unique_proto,unique_policy
pfsense,pfsense_default,2025-09-21,34556.0,16818.0,16818.0,0.0,0.0,1153.0,0.0,0.0,0.0,0.0,0.0,0.0,0.0,0.0,0.0,0.0,0.0,0.0,0.0,6.0,7.0
pfsense,pfsense_default,2025-09-22,34560.0,16846.0,16846.0,0.0,0.0,1105.0,0.0,0.0,0.0,0.0,0.0,0.0,0.0,0.0,0.0,0.0,0.0,0.0,0.0,4.0,8.0
pfsense,pfsense_default,2025-09-23,34556.0,16780.0,16780.0,0.0,0.0,1148.0,0.0,0.0,0.0,0.0,0.0,0.0,0.0,0.0,0.0,0.0,0.0,0.0,0.0,4.0,7.0
pfsense,pfsense_default,2025-09-24,34560.0,16880.0,16880.0,0.0,0.0,1066.0,0.0,0.0,0.0,0.0,0.0,0.0,0.0,0.0,0.0,0.0,0.0,0.0,0.0,6.0,8.0
pfsense,pfsense_default,2025-09-25,34556.0,16850.0,16850.0,0.0,0.0,1046.0,0.0,0.0,0.0,0.0,0.0,0.0,0.0,0.0,0.0,0.0,0.0,0.0,0.0,5.0,7.0
pfsense,pfsense_default,2025-09-26,34560.0,16846.0,16846.0,0.0,0.0,828.0,0.0,0.0,0.0,0.0,0.0,0.0,0.0,0.0,0.0,0.0,0.0,0.0,0.0,5.0,7.0
pfsense,pfsense_default,2025-09-27,34560.0,16852.0,16852.0,0.0,0.0,811.0,0.0,0.0,0.0,0.0,0.0,0.0,0.0,0.0,0.0,0.0,0.0,0.0,0.0,6.0,7.0
pfsense,pfsense_default,2025-09-28,34556.0,16850.0,16850.0,0.0,0.0,777.0,0.0,0.0,0.0,0.0,0.0,0.0,0.0,0.0,0.0,0.0,0.0,0.0,0.0,5.0,7.0
pfsense,pfsense_default,2025-09-29,34560.0,16882.0,16882.0,0.0,0.0,755.0,0.0,0.0,0.0,0.0,0.0,0.0,0.0,0.0,0.0,0.0,0.0,0.0,0.0,5.0,7.0
pfsense,pfsense_default,2025-09-30,34556.0,16904.0,16904.0,0.0,0.0,860.0,0.0,0.0,0.0,0.0,0.0,0.0,0.0,0.0,0.0,0.0,0.0,0.0,0.0,5.0,7.0
pfsense,pfsense_default,2025-10-01,34560.0,16850.0,16850.0,0.0,0.0,840.0,0.0,0.0,0.0,0.0,0.0,0.0,0.0,0.0,0.0,0.0,0.0,0.0,0.0,5.0,7.0
pfsense,pfsense_default,2025-10-02,34556.0,16878.0,16878.0,0.0,0.0,821.0,0.0,0.0,0.0,0.0,0.0,0.0,0.0,0.0,0.0,0.0,0.0,0.0,0.0,4.0,7.0
pfsense,pfsense_default,2025-10-03,34560.0,16864.0,16864.0,0.0,0.0,1207.0,0.0,0.0,0.0,0.0,0.0,0.0,0.0,0.0,0.0,0.0,0.0,0.0,0.0,5.0,7.0
pfsense,pfsense_default,2025-10-04,34556.0,16858.0,16858.0,0.0,0.0,1087.0,0.0,0.0,0.0,0.0,0.0,0.0,0.0,0.0,0.0,0.0,0.0,0.0,0.0,5.0,7.0
pfsense,pfsense_default,2025-10-05,34560.0,16848.0,16848.0,0.0,0.0,1053.0,0.0,0.0,0.0,0.0,0.0,0.0,0.0,0.0,0.0,0.0,0.0,0.0,0.0,5.0,7.0
pfsense,pfsense_default,2025-10-06,34556.0,16884.0,16884.0,0.0,0.0,752.0,0.0,0.0,0.0,0.0,0.0,0.0,0.0,0.0,0.0,0.0,0.0,0.0,0.0,4.0,7.0
pfsense,pfsense_default,2025-10-07,34560.0,16878.0,16878.0,0.0,0.0,846.0,0.0,0.0,0.0,0.0,0.0,0.0,0.0,0.0,0.0,0.0,0.0,0.0,0.0,4.0,7.0
pfsense,pfsense_default,2025-10-08,34556.0,16850.0,16850.0,0.0,0.0,779.0,0.0,0.0,0.0,0.0,0.0,0.0,0.0,0.0,0.0,0.0,0.0,0.0,0.0,6.0,7.0
pfsense,pfsense_default,2025-10-09,34560.0,16868.0,16868.0,0.0,0.0,969.0,0.0,0.0,0.0,0.0,0.0,0.0,0.0,0.0,0.0,0.0,0.0,0.0,0.0,5.0,7.0
pfsense,pfsense_default,2025-10-10,34556.0,16898.0,16898.0,0.0,0.0,868.0,0.0,0.0,0.0,0.0,0.0,0.0,0.0,0.0,0.0,0.0,0.0,0.0,0.0,5.0,7.0
pfsense,pfsense_default,2025-10-11,34560.0,16842.0,16842.0,0.0,0.0,816.0,0.0,0.0,0.0,0.0,0.0,0.0,0.0,0.0,0.0,0.0,0.0,0.0,0.0,5.0,7.0
pfsense,pfsense_default,2025-10-12,34556.0,16850.0,16850.0,0.0,0.0,744.0,0.0,0.0,0.0,0.0,0.0,0.0,0.0,0.0,0.0,0.0,0.0,0.0,0.0,4.0,7.0
pfsense,pfsense_default,2025-10-13,34560.0,16824.0,16824.0,0.0,0.0,526.0,0.0,0.0,0.0,0.0,0.0,0.0,0.0,0.0,0.0,0.0,0.0,0.0,0.0,4.0,7.0
pfsense,pfsense_default,2025-10-14,34556.0,16808.0,16808.0,0.0,0.0,561.0,0.0,0.0,0.0,0.0,0.0,0.0,0.0,0.0,0.0,0.0,0.0,0.0,0.0,6.0,7.0
pfsense,pfsense_default,2025-10-15,34556.0,16812.0,16812.0,0.0,0.0,627.0,0.0,0.0,0.0,0.0,0.0,0.0,0.0,0.0,0.0,0.0,0.0,0.0,0.0,6.0,7.0
pfsense,pfsense_default,2025-10-16,34560.0,16868.0,16868.0,0.0,0.0,602.0,0.0,0.0,0.0,0.0,0.0,0.0,0.0,0.0,0.0,0.0,0.0,0.0,0.0,4.0,7.0
pfsense,pfsense_default,2025-10-17,34556.0,16844.0,16844.0,0.0,0.0,582.0,0.0,0.0,0.0,0.0,0.0,0.0,0.0,0.0,0.0,0.0,0.0,0.0,0.0,5.0,7.0
pfsense,pfsense_default,2025-10-18,34560.0,16876.0,16876.0,0.0,0.0,932.0,0.0,0.0,0.0,0.0,0.0,0.0,0.0,0.0,0.0,0.0,0.0,0.0,0.0,5.0,7.0
pfsense,pfsense_default,2025-10-19,51834.0,25347.0,25347.0,0.0,0.0,787.0,0.0,0.0,0.0,0.0,0.0,0.0,0.0,0.0,0.0,0.0,0.0,0.0,0.0,4.0,7.0
pfsense,pfsense_default,2025-10-20,51840.0,25335.0,25335.0,0.0,0.0,732.0,0.0,0.0,0.0,0.0,0.0,0.0,0.0,0.0,0.0,0.0,0.0,0.0,0.0,4.0,7.0
pfsense,pfsense_default,2025-10-21,29284.0,3796.0,3796.0,0.0,0.0,299.0,0.0,0.0,0.0,0.0,0.0,0.0,0.0,0.0,0.0,0.0,0.0,0.0,0.0,3.0,7.0
